Q = [1, 0, 0, -372.6149024963379;
  0, 1, 0, -237.8714408874512;
  0, 0, 0, 385.5786483186039;
  0, 0, 0.003336026633135931, 0]


P1 = [385.5786483186039, 0, 372.6149024963379, 0;
  0, 385.5786483186039, 237.8714408874512, 0;
  0, 0, 1, 0]

P2 = [385.5786483186039, 0, 372.6149024963379, -115580.2068510923;
  0, 385.5786483186039, 237.8714408874512, 0;
  0, 0, 1, 0]


double r_data[9] = {	0.999869085748125, -0.005390380207778, 0.015256315624197, 0.005380773755080, 0.999985298644059, 6.706486037032410e-04, -0.015259706386630, -5.884700235331059e-04, 0.999883390733152};

double t_data[3] = {-2.997493527781123e+02,-0.652091851538177,2.153642301837196};

K_l = [422.9179410595286, 0.014313559116982, 365.7902748321415, 0.0, 424.5942224546713, 237.8417928424143, 0.0, 0.0, 1.0]

R_l = [0.9999622538920891, -0.003210636599993386, 0.008073574405160988, 0.003208083846277472, 0.9999947999264867, 0.0003291170323415824, -0.008074589097170284, -0.00030320390582362, 0.9999673540062711]

P_l = [385.5786483186039, 0, 372.6149024963379, 0, 0, 385.5786483186039, 237.8714408874512, 0, 0, 0, 1, 0]

D_l = [-0.310266312281967,0.123131099544115,5.140978207209692e-04,4.359861887949068e-04, -0.026795203831160]

D_r = [-0.317295992415919,0.135591053622665, 4.095224889332796e-05,3.238947661482718e-04, -0.032648223811825]

K_r = [424.3355006950268, 0.162619548606052, 376.2657866679956, 0, 426.1813872638455, 236.1768388068374, 0, 0, 1]

R_r = [0.9999718241330409, 0.002175395783928907, -0.007184608077131049, -0.00217766720169755, 0.9999975813422358, -0.0003083427267574584, 0.007183919932555146, 0.0003239797243004591, 0.9999741428314738]

P_r = [385.5786483186039, 0, 372.6149024963379, -115580.2068510923, 0, 385.5786483186039, 237.8714408874512, 0, 0, 0, 1, 0]



