1.000000000 -0.000000000 -0.000000000 -0.000000030 -0.000000000 0.999999940 0.000000000 -0.000000060 -0.000000000 0.000000000 0.999999940 0.000000000
0.999991477 -0.002441079 -0.003332778 -0.003392252 0.002433798 0.999994576 -0.002186761 -0.005666110 0.003338098 0.002178631 0.999992013 0.666330993
0.999971628 -0.001122339 -0.007450451 -0.014927082 0.001096393 0.999993265 -0.003485611 -0.012880769 0.007454313 0.003477343 0.999966085 1.354561567
0.999932945 -0.001861377 -0.011431214 -0.012617156 0.001805339 0.999986231 -0.004910490 -0.013698855 0.011440198 0.004889524 0.999922514 2.040634155
0.999863863 -0.000660388 -0.016487770 -0.030243542 0.000566354 0.999983549 -0.005707261 -0.013086922 0.016491270 0.005697146 0.999847710 2.764418602
0.999783874 -0.001283386 -0.020748306 -0.050251402 0.001159361 0.999981463 -0.005988538 -0.021483785 0.020755604 0.005963189 0.999766827 3.503540039
0.999680221 0.000262446 -0.025291525 -0.072019741 -0.000457772 0.999970078 -0.007717512 -0.018261623 0.025288744 0.007726621 0.999650419 4.244211674
0.999544382 0.002913976 -0.030041259 -0.105108336 -0.003176691 0.999957085 -0.008701150 -0.020423204 0.030014612 0.008792618 0.999510765 5.009000301
0.999400616 0.003238988 -0.034466811 -0.136704952 -0.003453852 0.999974847 -0.006176237 -0.046744835 0.034445941 0.006291579 0.999386728 5.795939445
0.999227464 0.002492682 -0.039219249 -0.170299307 -0.002638140 0.999989748 -0.003657569 -0.051258285 0.039209731 0.003758210 0.999223888 6.598857403
0.999099374 0.002092175 -0.042381540 -0.212359101 -0.002126040 0.999997318 -0.000753981 -0.062261444 0.042379856 0.000843407 0.999101222 7.406808853
0.998988211 0.003453515 -0.044843197 -0.257223487 -0.003528449 0.999992490 -0.001591975 -0.071446039 0.044837363 0.001748591 0.998992741 8.214528084
0.998892963 0.002779979 -0.046960030 -0.303541720 -0.002861430 0.999994516 -0.001667342 -0.079211622 0.046955138 0.001799869 0.998895407 9.029792786
0.998833597 0.000391859 -0.048283357 -0.351782262 -0.000513206 0.999996781 -0.002500872 -0.083628178 0.048282221 0.002522735 0.998830497 9.862983704
0.998708785 0.000025953 -0.050800677 -0.387413323 -0.000108179 0.999998629 -0.001615847 -0.094737433 0.050800569 0.001619256 0.998707473 10.702888489
0.998635530 -0.001339498 -0.052203950 -0.435167402 0.001234370 0.999997079 -0.002045984 -0.101648681 0.052206539 0.001978753 0.998634338 11.553499222
0.998545349 0.000898898 -0.053911306 -0.490040123 -0.001133278 0.999990046 -0.004317096 -0.111635655 0.053906891 0.004371913 0.998536348 12.412655830
0.998468757 0.001364947 -0.055302214 -0.542658329 -0.001731593 0.999976695 -0.006582485 -0.129073262 0.055291943 0.006668167 0.998447895 13.267947197
0.998364091 0.005181662 -0.056942012 -0.601972520 -0.005641851 0.999952614 -0.007923934 -0.143904313 0.056898255 0.008232228 0.998346031 14.142618179
0.998333931 0.006408534 -0.057343569 -0.667118132 -0.006840337 0.999949574 -0.007336999 -0.160031393 0.057293653 0.007717024 0.998327374 15.028437614
0.998210311 0.005178477 -0.059576578 -0.710916042 -0.005547912 0.999966323 -0.006037283 -0.169087827 0.059543312 0.006357003 0.998205423 15.924692154
0.998141646 0.006036785 -0.060637113 -0.774578035 -0.006350456 0.999967396 -0.004981559 -0.176524207 0.060605064 0.005357375 0.998147309 16.822038651
0.998090088 0.005572101 -0.061523274 -0.835053802 -0.005878177 0.999971211 -0.004795089 -0.192971289 0.061494786 0.005147577 0.998094082 17.726053238
0.997986734 0.005373680 -0.063195586 -0.897959292 -0.005715838 0.999969959 -0.005234733 -0.211388737 0.063165568 0.005585408 0.997987330 18.623926163
0.997934699 0.003915091 -0.064117827 -0.962655962 -0.004284865 0.999974966 -0.005630592 -0.226429731 0.064094178 0.005893699 0.997926354 19.537586212
0.997892618 0.003944150 -0.064767219 -1.019484282 -0.004226613 0.999982119 -0.004224763 -0.233118549 0.064749420 0.004489605 0.997891426 20.452247620
0.997898459 0.005792515 -0.064538687 -1.086667538 -0.005859403 0.999982417 -0.000847154 -0.245471597 0.064532667 0.001223532 0.997914791 21.367872238
0.997952640 0.005961195 -0.063678823 -1.150030613 -0.005780494 0.999978721 0.003021540 -0.255035371 0.063695468 -0.002647259 0.997965813 22.300922394
0.998051465 0.004869339 -0.062206198 -1.206215858 -0.004501469 0.999971509 0.006052477 -0.264089108 0.062233891 -0.005760664 0.998044908 23.233253479
0.998143852 0.005410776 -0.060660027 -1.268942833 -0.005010230 0.999964595 0.006753291 -0.266702801 0.060694419 -0.006436834 0.998135567 24.172084808
0.998232782 0.005310099 -0.059187893 -1.325592875 -0.005090409 0.999979556 0.003861905 -0.274370015 0.059207182 -0.003553790 0.998239398 25.120172501
0.998278797 0.006107781 -0.058328055 -1.382367253 -0.006164132 0.999980688 -0.000786240 -0.283258438 0.058322124 0.001144427 0.998297155 26.061954498
0.998369694 0.005523657 -0.056811038 -1.445977926 -0.005757409 0.999975622 -0.003951700 -0.289050579 0.056787819 0.004272341 0.998377144 27.011381149
0.998407245 0.002826644 -0.056347925 -1.497200489 -0.002982592 0.999991894 -0.002683689 -0.300643831 0.056339886 0.002847477 0.998407602 27.984525681
0.998409867 0.001169308 -0.056360021 -1.555556297 -0.001055660 0.999997258 0.002046187 -0.308849782 0.056362264 -0.001983437 0.998408437 28.957269669
0.998354316 -0.002673363 -0.057283841 -1.607125401 0.002999269 0.999979794 0.005604100 -0.318029910 0.057267699 -0.005766687 0.998342097 29.932767868
0.998243451 -0.009952592 -0.058401842 -1.656596541 0.010273186 0.999933779 0.005191793 -0.325724423 0.058346294 -0.005782646 0.998279631 30.905271530
0.998119831 -0.012522357 -0.059999868 -1.708873510 0.012614687 0.999919713 0.001160342 -0.330399066 0.059980512 -0.001915040 0.998197615 31.883337021
0.998036921 -0.012043840 -0.061460711 -1.772356510 0.011885770 0.999924898 -0.002936815 -0.336034030 0.061491460 0.002200541 0.998105109 32.860122681
0.997915328 -0.011133436 -0.063569754 -1.835193872 0.010945133 0.999934494 -0.003309603 -0.348731518 0.063602425 0.002606924 0.997971892 33.847068787
0.997853875 -0.011656368 -0.064433910 -1.896647692 0.011589949 0.999931753 -0.001404438 -0.365700185 0.064445876 0.000654638 0.997920930 34.832939148
0.997817814 -0.008308049 -0.065502249 -1.973290801 0.008388567 0.999964356 0.000954307 -0.372644395 0.065491967 -0.001501695 0.997851908 35.836811066
0.997744739 -0.008162433 -0.066624127 -2.039255619 0.008340241 0.999962330 0.002391120 -0.385061324 0.066602096 -0.002941389 0.997775137 36.821708679
0.997681439 -0.006907147 -0.067704961 -2.111239433 0.007250650 0.999962032 0.004829099 -0.391499728 0.067669027 -0.005308808 0.997693658 37.821048737
0.997685611 -0.006684074 -0.067666985 -2.173240662 0.007234171 0.999942720 0.007887704 -0.402534008 0.067610383 -0.008358964 0.997676790 38.808216095
0.997690499 -0.001087202 -0.067915343 -2.259517193 0.001782945 0.999946535 0.010184491 -0.403995723 0.067900650 -0.010282060 0.997639000 39.803066254
0.997675598 -0.000864108 -0.068136357 -2.330813885 0.001517850 0.999953210 0.009543446 -0.408386707 0.068124928 -0.009624685 0.997630298 40.795982361
0.997664392 -0.000834626 -0.068301477 -2.397572994 0.001356254 0.999970257 0.007591134 -0.406513035 0.068293102 -0.007666039 0.997635782 41.788383484
0.997675717 0.001276231 -0.068128742 -2.471889973 -0.000901795 0.999984264 0.005526483 -0.415963769 0.068134747 -0.005452199 0.997661173 42.774955750
0.997607172 0.000691386 -0.069133915 -2.541481733 -0.000306039 0.999984384 0.005584348 -0.421737850 0.069136716 -0.005549828 0.997591734 43.773880005
0.997506559 -0.000948999 -0.070567094 -2.611299992 0.001439594 0.999975145 0.006901642 -0.429778993 0.070558786 -0.006986019 0.997483075 44.759754181
0.997470558 -0.000915759 -0.071074247 -2.686264992 0.001495689 0.999965966 0.008106710 -0.437172860 0.071064398 -0.008192511 0.997438014 45.743354797
0.997451425 0.001607919 -0.071329765 -2.760209560 -0.001295675 0.999989331 0.004423534 -0.447204590 0.071336113 -0.004319841 0.997442901 46.716526031
0.997401714 0.002162693 -0.072007246 -2.842354298 -0.002155647 0.999997616 0.000175547 -0.453631282 0.072007447 -0.000019869 0.997403979 47.683471680
0.997333050 0.002486894 -0.072942540 -2.909611225 -0.002563944 0.999996126 -0.000962689 -0.460475773 0.072939895 0.001147142 0.997335553 48.652797699
0.997321784 0.001194608 -0.073128209 -2.982002974 -0.000981568 0.999995053 0.002949117 -0.475075960 0.073131382 -0.002869438 0.997318089 49.632961273
0.997351527 -0.000652925 -0.072728999 -3.060751915 0.001088000 0.999981761 0.005942682 -0.484294534 0.072723784 -0.006006073 0.997333944 50.599975586
0.997295022 -0.002654705 -0.073454589 -3.123007536 0.003136184 0.999974251 0.006440217 -0.490281612 0.073435575 -0.006653161 0.997277737 51.560035706
0.997269213 -0.005909516 -0.073614933 -3.195351839 0.006299273 0.999967337 0.005063488 -0.497358352 0.073582582 -0.005513380 0.997273862 52.516979218
0.997227430 -0.008800367 -0.073891722 -3.264493704 0.009128688 0.999949872 0.004106736 -0.509530246 0.073851898 -0.004769884 0.997257888 53.461765289
0.997131586 -0.010437459 -0.074964240 -3.334984303 0.010867766 0.999926746 0.005334564 -0.519182622 0.074903071 -0.006133956 0.997171938 54.409511566
0.997004092 -0.013712859 -0.076122314 -3.403787136 0.014477843 0.999849975 0.009506697 -0.523511112 0.075980514 -0.010580305 0.997053146 55.353969574
0.996967196 -0.014408411 -0.076477110 -3.481746912 0.015555276 0.999774933 0.014421714 -0.526064992 0.076252103 -0.015567601 0.996967018 56.295120239
0.996970594 -0.012370305 -0.076788940 -3.566192389 0.013676663 0.999770164 0.016509794 -0.525085628 0.076567046 -0.017509999 0.996910572 57.242431641
0.996826768 -0.011740131 -0.078732260 -3.631535053 0.012782631 0.999836981 0.012750140 -0.529809654 0.078569733 -0.013716084 0.996814251 58.185955048
0.996744931 -0.009914339 -0.080007091 -3.709855080 0.010341816 0.999934375 0.004930388 -0.533248425 0.079952948 -0.005741758 0.996782064 59.098236084
0.996704161 -0.007986946 -0.080727838 -3.792378426 0.008001289 0.999967873 -0.000145816 -0.538029194 0.080726407 -0.000500591 0.996736228 60.006965637
0.996652484 -0.003739549 -0.081670873 -3.870252132 0.003832971 0.999992073 0.000987140 -0.547311425 0.081666529 -0.001296878 0.996658802 60.906448364
0.996556938 -0.001149419 -0.082903095 -3.955632210 0.001456612 0.999992192 0.003645065 -0.563303947 0.082898274 -0.003753272 0.996550798 61.798587799
0.996468008 0.001418010 -0.083960310 -4.035609722 -0.001010359 0.999987364 0.004897576 -0.574000835 0.083966196 -0.004795448 0.996456981 62.678699493
0.996384323 0.002249578 -0.084930077 -4.109159946 -0.001862217 0.999987423 0.004639885 -0.582163215 0.084939450 -0.004464950 0.996376038 63.535701752
0.996243656 0.003696512 -0.086516142 -4.188765526 -0.003238698 0.999979973 0.005431425 -0.590208650 0.086534463 -0.005130823 0.996235609 64.385070801
0.996106565 0.004911220 -0.088020302 -4.266605854 -0.004384517 0.999971271 0.006176217 -0.602968812 0.088048093 -0.005766245 0.996099412 65.226974487
0.995996177 0.004542145 -0.089281142 -4.341051102 -0.003959602 0.999969661 0.006700835 -0.615191102 0.089308873 -0.006320488 0.995983839 66.043609619
0.995887399 0.004512975 -0.090488568 -4.416568756 -0.003837935 0.999963403 0.007632559 -0.619005084 0.090519704 -0.007253879 0.995868206 66.852516174
0.995753646 0.007375413 -0.091762215 -4.500353813 -0.006471257 0.999927461 0.010146884 -0.623597383 0.091830410 -0.009509981 0.995729208 67.648651123
0.995609403 0.008409413 -0.093226239 -4.575397968 -0.007074267 0.999867737 0.014642825 -0.632826209 0.093337059 -0.013919028 0.995537221 68.442207336
0.995437920 0.011242905 -0.094746761 -4.659471512 -0.009754264 0.999821842 0.016160335 -0.630930543 0.094911583 -0.015162424 0.995370209 69.216835022
0.995291233 0.014262745 -0.095874764 -4.743472099 -0.013161697 0.999840021 0.012106865 -0.639880300 0.096032128 -0.010787981 0.995319784 69.968193054
0.995131969 0.014521034 -0.097476013 -4.810193062 -0.014094643 0.999887824 0.005061502 -0.654109299 0.097538583 -0.003662972 0.995225012 70.685073853
0.994984210 0.013457584 -0.099122487 -4.877680302 -0.013576917 0.999907672 -0.000529438 -0.663074970 0.099106185 0.001872561 0.995075107 71.389167786
0.994942665 0.014116081 -0.099447846 -4.953605652 -0.014382632 0.999894619 -0.001963849 -0.666180372 0.099409632 0.003384239 0.995040834 72.082077026
0.994828463 0.017145049 -0.100111730 -5.035684586 -0.017060446 0.999853015 0.001701271 -0.677142024 0.100126170 0.000015477 0.994974732 72.756462097
0.994674444 0.017736025 -0.101529658 -5.106847763 -0.017427770 0.999840438 0.003922391 -0.692763925 0.101583011 -0.002132067 0.994824708 73.407348633
0.994635284 0.014299601 -0.102450185 -5.170019150 -0.014305525 0.999897420 0.000676947 -0.703964174 0.102449343 0.000792288 0.994737864 74.037345886
0.994732082 0.006037373 -0.102330759 -5.224090099 -0.006510638 0.999969542 -0.004291486 -0.719361603 0.102301724 0.004935119 0.994741142 74.650352478
0.994860351 0.002085553 -0.101234935 -5.280723572 -0.003068262 0.999949574 -0.009552466 -0.720983922 0.101209916 0.009813985 0.994816661 75.248558044
0.995144188 0.004364958 -0.098330781 -5.337889194 -0.005343720 0.999938667 -0.009692598 -0.733066499 0.098282434 0.010170986 0.995106578 75.831726074
0.995500982 0.009321504 -0.094291538 -5.399583340 -0.009967036 0.999929965 -0.006377499 -0.751029491 0.094225481 0.007288614 0.995524108 76.402465820
0.995948374 0.007851878 -0.089583315 -5.451539993 -0.008183283 0.999961019 -0.003332726 -0.758903384 0.089553647 0.004052309 0.995973706 76.959228516
0.996462345 0.004404681 -0.083924673 -5.487090588 -0.004367273 0.999990284 0.000629302 -0.766017795 0.083926618 -0.000260553 0.996471822 77.505386353
0.997141659 -0.000184838 -0.075554997 -5.520078182 0.000519988 0.999990106 0.004416185 -0.783626795 0.075553432 -0.004442847 0.997131765 78.031333923
0.997867525 0.003245496 -0.065193206 -5.545506001 -0.002956053 0.999985456 0.004535732 -0.795295238 0.065206967 -0.004333344 0.997862458 78.547286987
0.998707414 0.008523632 -0.050110552 -5.571857452 -0.008340843 0.999957740 0.003855702 -0.798213422 0.050141290 -0.003432753 0.998736262 79.052940369
0.999390185 0.013552896 -0.032181676 -5.586282730 -0.013414529 0.999899805 0.004511526 -0.803967237 0.032239582 -0.004077073 0.999471903 79.549385071
0.999879658 0.012116932 -0.009686366 -5.581646442 -0.012069087 0.999914765 0.004982666 -0.807816207 0.009745911 -0.004865161 0.999940634 80.028388977
0.999830842 0.008581811 0.016270300 -5.547782898 -0.008680758 0.999944210 0.006020609 -0.813795805 -0.016217722 -0.006160829 0.999849439 80.476066589
0.998925686 0.007421618 0.045744404 -5.503119469 -0.007791613 0.999938369 0.007915306 -0.823667109 -0.045682840 -0.008263223 0.998921752 80.930244446
0.996858954 0.006983064 0.078889355 -5.447717190 -0.007719538 0.999929428 0.009034437 -0.824824512 -0.078820691 -0.009615049 0.996842444 81.383079529
0.993158042 0.007218266 0.116554856 -5.373485565 -0.008395072 0.999918520 0.009608833 -0.829691410 -0.116475999 -0.010521577 0.993137717 81.825187683
0.987435460 0.006976328 0.157869264 -5.282896996 -0.008631255 0.999914706 0.009799713 -0.834191740 -0.157787427 -0.011039195 0.987411320 82.227294922
0.979172170 0.006602633 0.202924699 -5.166093826 -0.008722518 0.999916255 0.009554118 -0.836187065 -0.202844620 -0.011125139 0.979147673 82.643447876
0.967699587 0.008974413 0.251946449 -5.032054901 -0.011272395 0.999907017 0.007679068 -0.844162464 -0.251854062 -0.010271069 0.967710614 83.047325134
0.952223480 0.010131221 0.305234283 -4.878274918 -0.012228958 0.999912918 0.004961312 -0.851028085 -0.305157393 -0.008456975 0.952264190 83.433868408
0.932386994 0.010551039 0.361307859 -4.703042984 -0.012332901 0.999920428 0.002626120 -0.853391230 -0.361251354 -0.006904533 0.932442784 83.802825928
0.908349931 0.010936662 0.418068081 -4.513587952 -0.012418817 0.999922514 0.000824785 -0.857012570 -0.418026596 -0.005941103 0.908415318 84.121017456
0.879219949 0.011181241 0.476285100 -4.296249390 -0.012021977 0.999926865 -0.001281721 -0.859059989 -0.476264596 -0.004598973 0.879289985 84.449844360
0.846002996 0.010056163 0.533083498 -4.051837921 -0.009664990 0.999947071 -0.003524815 -0.863886237 -0.533090711 -0.002170243 0.846055269 84.748481750
0.808976769 0.009803150 0.587759018 -3.792339325 -0.008594241 0.999951243 -0.004849151 -0.871137023 -0.587777972 -0.001128492 0.809021473 85.041107178
0.768962562 0.008420063 0.639238417 -3.517360687 -0.007897819 0.999961972 -0.003670957 -0.882051826 -0.639245033 -0.002225761 0.768999815 85.310081482
0.726353228 0.007914932 0.687276125 -3.226356506 -0.009440657 0.999954224 -0.001538418 -0.888314009 -0.687256813 -0.005370903 0.726394653 85.558418274
0.682924271 0.006319453 0.730461717 -2.924705505 -0.007272480 0.999971807 -0.001851870 -0.888873756 -0.730452955 -0.004047581 0.682951093 85.744583130
0.636332452 0.005156976 0.771397650 -2.604667664 -0.004345799 0.999985695 -0.003100255 -0.894036770 -0.771402657 -0.001379546 0.636345863 85.951004028
0.589539647 0.002412759 0.807735741 -2.272724152 0.001333140 0.999991238 -0.003960053 -0.901067793 -0.807738304 0.003411434 0.589531243 86.131866455
0.542994201 0.004410180 0.839724839 -1.937995911 -0.000903633 0.999988675 -0.004667556 -0.911822200 -0.839735925 0.001775653 0.542991996 86.299865723
0.495937765 0.007761328 0.868323326 -1.601028442 -0.004798485 0.999969304 -0.006197393 -0.915471077 -0.868344784 -0.001093116 0.495959610 86.455871582
0.450572312 0.010020023 0.892683744 -1.255008698 -0.005394520 0.999949336 -0.008501212 -0.920988917 -0.892723620 -0.000985190 0.450603426 86.594573975
0.406418711 0.006892068 0.913661003 -0.911249161 0.001690790 0.999964058 -0.008295191 -0.934612393 -0.913685203 0.004916129 0.406392515 86.727813721
0.366977900 -0.000829663 0.930229366 -0.542770386 0.016674384 0.999844670 -0.005686339 -0.937773466 -0.930080116 0.017597759 0.366934776 86.813812256
0.331723988 -0.004259789 0.943367004 -0.172948837 0.020808361 0.999779522 -0.002802500 -0.938756526 -0.943146944 0.020559575 0.331739545 86.903663635
0.298592895 -0.000093158 0.954380631 0.192333221 0.017950244 0.999823570 -0.005518422 -0.945336223 -0.954211771 0.018779129 0.298541903 86.998733521
0.267187774 0.007577869 0.963614583 0.556961060 0.006920483 0.999928117 -0.009782325 -0.958562016 -0.963619649 0.009282396 0.267116189 87.107475281
0.238968521 0.011844731 0.970955133 0.938688278 0.002252053 0.999916136 -0.012752298 -0.974311948 -0.971024752 0.005234040 0.238921866 87.188812256
0.213063911 0.013610275 0.976943493 1.328994751 0.003310817 0.999887109 -0.014651978 -0.987988293 -0.977032661 0.006356288 0.212994814 87.255455017
0.189766988 0.015048726 0.981713831 1.737901688 0.010506834 0.999794126 -0.017356871 -0.997184038 -0.981772840 0.013608467 0.189569786 87.312171936
0.169750109 0.021047648 0.985262334 2.150175095 0.017481580 0.999550283 -0.024364756 -0.997758746 -0.985332012 0.021359863 0.169305846 87.353912354
0.149961069 0.028110355 0.988292217 2.573705673 0.019282481 0.999322355 -0.031349964 -0.995649993 -0.988503814 0.023758002 0.149317428 87.405052185
0.132141292 0.028830171 0.990811586 3.014159203 0.017098719 0.999361753 -0.031359363 -1.006675720 -0.991083324 0.021085478 0.131564006 87.462196350
0.116585605 0.024429198 0.992880046 3.476708412 0.015035395 0.999539435 -0.026358526 -1.028943062 -0.993066788 0.018001370 0.116164595 87.518135071
0.102035016 0.021220002 0.994554400 3.947059631 0.014794360 0.999629498 -0.022846088 -1.049237013 -0.994670749 0.017044898 0.101683274 87.557937622
0.088740468 0.018761510 0.995878041 4.431866169 0.017407449 0.999640644 -0.020383529 -1.063670874 -0.995902598 0.019144541 0.088381976 87.591629028
0.077290095 0.017830083 0.996849239 4.919436455 0.021367824 0.999580860 -0.019535679 -1.075037122 -0.996779621 0.022810414 0.076876685 87.612533569
0.066946141 0.018586874 0.997583449 5.431935310 0.024456881 0.999495387 -0.020263759 -1.087937117 -0.997456789 0.025754359 0.066457801 87.639549255
0.059097528 0.019187465 0.998067856 5.959552288 0.026623610 0.999429226 -0.020790074 -1.100235462 -0.997897148 0.027800811 0.058552966 87.664611816
0.053779874 0.019456580 0.998363197 6.514350891 0.028590742 0.999370217 -0.021016333 -1.112314343 -0.998143375 0.029674210 0.053189717 87.687934875
0.047974989 0.020505944 0.998637915 7.078376770 0.029694388 0.999318063 -0.021946440 -1.126813173 -0.998407066 0.030706827 0.047333352 87.713470459
0.042425960 0.021191191 0.998874843 7.655567169 0.030269735 0.999288797 -0.022485642 -1.141074657 -0.998640954 0.031189656 0.041754328 87.728401184
0.037807837 0.021202702 0.999059975 8.263057709 0.032838449 0.999208510 -0.022448570 -1.155399323 -0.998745263 0.033656318 0.037081644 87.751068115
0.034952041 0.021311374 0.999161720 8.884407043 0.034210518 0.999161065 -0.022508092 -1.170395851 -0.998803198 0.034968548 0.034193650 87.767662048
0.031879384 0.020695930 0.999277592 9.522071838 0.035278212 0.999139249 -0.021818535 -1.189315081 -0.998868942 0.035948288 0.031121837 87.783760071
0.029614028 0.019882653 0.999363661 10.177097321 0.037463952 0.999077499 -0.020987127 -1.207699776 -0.998859048 0.038061626 0.028841833 87.797416687
0.028873090 0.019634275 0.999390244 10.854914665 0.041630350 0.998915911 -0.020827690 -1.224835873 -0.998715758 0.042206321 0.028024411 87.812423706
0.030004276 0.019328121 0.999362767 11.544467926 0.045410957 0.998754203 -0.020679746 -1.239612579 -0.998517632 0.046002511 0.029089188 87.826576233
0.032391209 0.019375011 0.999287486 12.251243591 0.047180850 0.998667777 -0.020892333 -1.252779961 -0.998361051 0.047823962 0.031433929 87.847976685
0.036161281 0.019298775 0.999159575 12.975831985 0.049463041 0.998553514 -0.021077219 -1.272742033 -0.998121142 0.050183650 0.035154399 87.876541138
0.040656775 0.018621024 0.998999715 13.725894928 0.049991440 0.998536170 -0.020646911 -1.295001745 -0.997921765 0.050780863 0.039666373 87.902633667
0.044528127 0.017141299 0.998861074 14.483711243 0.051468413 0.998485625 -0.019429257 -1.310914755 -0.997681439 0.052274939 0.043578457 87.939781189
0.048320130 0.015411044 0.998713136 15.246601105 0.051175725 0.998529434 -0.017884215 -1.331606627 -0.997520089 0.051974021 0.047460392 87.984550476
0.052661739 0.013060548 0.998527050 16.031902313 0.048235402 0.998714030 -0.015606903 -1.353139520 -0.997446775 0.048986241 0.051964033 88.027030945
0.056390740 0.012320628 0.998332798 16.827548981 0.047380920 0.998764217 -0.015002261 -1.367861509 -0.997283876 0.048147909 0.055737291 88.085494995
0.060475610 0.013137820 0.998083293 17.628475189 0.044736147 0.998872876 -0.015858853 -1.389109373 -0.997166693 0.045609467 0.059819706 88.143173218
0.063631698 0.016869443 0.997830868 18.433048248 0.042114533 0.998921037 -0.019573512 -1.418021560 -0.997084498 0.043268677 0.062852576 88.189819336
0.064914331 0.022322763 0.997641146 19.233041763 0.036281448 0.999035954 -0.024714723 -1.438883424 -0.997231066 0.037800200 0.064041838 88.253021240
0.064636618 0.025355529 0.997586787 20.040359497 0.033518247 0.999057889 -0.027564667 -1.465030909 -0.997345746 0.035219040 0.063725844 88.315132141
0.065159656 0.024962636 0.997562528 20.872072220 0.031432960 0.999139607 -0.027055264 -1.493476391 -0.997379601 0.033119258 0.064318947 88.371063232
0.064894348 0.023246242 0.997621357 21.684537888 0.028387291 0.999280989 -0.025131481 -1.524421573 -0.997488260 0.029950658 0.064187817 88.436599731
0.064969808 0.022124665 0.997641921 22.505243301 0.029403651 0.999277592 -0.024075804 -1.552841425 -0.997453928 0.030898515 0.064272322 88.490356445
0.065241992 0.021244608 0.997643232 23.324277878 0.027215552 0.999363601 -0.023061030 -1.586632729 -0.997498155 0.028655961 0.064622298 88.554542542
0.065268047 0.021394130 0.997638583 24.147113800 0.025344549 0.999412179 -0.023090271 -1.620655537 -0.997545838 0.026791755 0.064687468 88.611915588
0.065076582 0.021972505 0.997638404 24.957550049 0.022125624 0.999479949 -0.023456337 -1.652414083 -0.997634947 0.023599831 0.064556599 88.675613403
0.063818857 0.023378700 0.997687638 25.768901825 0.019310895 0.999509454 -0.024656646 -1.682301760 -0.997774661 0.020839801 0.063336097 88.737060547
0.060893770 0.023300873 0.997872293 26.583936691 0.016153073 0.999573469 -0.024326319 -1.709214568 -0.998013556 0.017600022 0.060491428 88.797256470
0.057502382 0.022097751 0.998100817 27.402786255 0.014468598 0.999631524 -0.022965208 -1.733540535 -0.998240471 0.015761672 0.057161469 88.838035583
0.052736469 0.019554920 0.998416960 28.214895248 0.012619371 0.999715328 -0.020246904 -1.762503386 -0.998528600 0.013667143 0.052474689 88.884872437
0.046381794 0.017350048 0.998773158 29.023876190 0.010300277 0.999787569 -0.017846001 -1.792126894 -0.998870611 0.011115367 0.046193235 88.927474976
0.039185006 0.017745171 0.999074340 29.830415726 0.010430038 0.999780536 -0.018166794 -1.815455198 -0.999177635 0.011132249 0.038991313 88.956909180
0.030625254 0.018372266 0.999362171 30.632101059 0.010215267 0.999773085 -0.018692868 -1.842013836 -0.999478757 0.010781223 0.030430621 88.981498718
0.020922141 0.018850688 0.999603450 31.439905167 0.010867738 0.999758899 -0.019081090 -1.865010858 -0.999722004 0.011262645 0.020712230 88.998046875
0.010229371 0.018200535 0.999782026 32.236381531 0.012321107 0.999756098 -0.018326130 -1.888800383 -0.999871790 0.012505888 0.010002625 89.006210327
-0.000791758 0.016972750 0.999855638 33.031845093 0.011024353 0.999795318 -0.016962998 -1.917960644 -0.999938905 0.011009332 -0.000978711 89.009757996
-0.011750855 0.016352193 0.999797285 33.816989899 0.012166259 0.999794602 -0.016209161 -1.939615369 -0.999856889 0.011973322 -0.011947387 88.993545532
-0.022657357 0.016764810 0.999602735 34.597301483 0.012067724 0.999791145 -0.016494440 -1.962764740 -0.999670386 0.011689208 -0.022854939 88.973945618
-0.033769298 0.017334031 0.999279320 35.380626678 0.012333593 0.999780655 -0.016925925 -1.988343954 -0.999353468 0.011753130 -0.033975672 88.945739746
-0.044098213 0.018373309 0.998858273 36.148586273 0.011731775 0.999771357 -0.017872166 -2.016342163 -0.998958290 0.010930251 -0.044303678 88.907241821
-0.054560058 0.019528477 0.998319507 36.915634155 0.012778715 0.999740541 -0.018857891 -2.036159754 -0.998428643 0.011728351 -0.054795437 88.866355896
-0.063984975 0.020090841 0.997748554 37.684806824 0.013441131 0.999723971 -0.019268645 -2.062974453 -0.997860253 0.012177965 -0.064237364 88.811859131
-0.073527485 0.020422153 0.997084022 38.448047638 0.013900001 0.999714136 -0.019450998 -2.089177847 -0.997196257 0.012429287 -0.073790334 88.751380920
-0.082800269 0.020806944 0.996348917 39.193801880 0.014135008 0.999705970 -0.019702377 -2.114692926 -0.996465862 0.012452039 -0.083070025 88.690361023
-0.091482848 0.020782787 0.995589852 39.928100586 0.016261628 0.999679983 -0.019373920 -2.129575968 -0.995673776 0.014417530 -0.091791563 88.618621826
-0.099364445 0.019688515 0.994856298 40.654613495 0.017923253 0.999677479 -0.017993780 -2.153601646 -0.994889557 0.016043117 -0.099685282 88.549766541
-0.104665503 0.018182660 0.994341195 41.374225616 0.020749399 0.999655068 -0.016095718 -2.177452803 -0.994290888 0.018947318 -0.105006702 88.470268250
-0.107762009 0.016316405 0.994042814 42.096805573 0.023970352 0.999617159 -0.013809334 -2.203728437 -0.993887663 0.022339439 -0.108111881 88.379150391
-0.110271551 0.015177883 0.993785620 42.794384003 0.025519036 0.999596894 -0.012435020 -2.223989725 -0.993573844 0.023989219 -0.110614449 88.299720764
-0.112302735 0.013993612 0.993575394 43.477870941 0.025635758 0.999608696 -0.011181006 -2.246780872 -0.993343294 0.024215404 -0.112617530 88.227241516
-0.112993233 0.014797772 0.993485570 44.156875610 0.026595622 0.999575794 -0.011863657 -2.261174202 -0.993239760 0.025081851 -0.113338858 88.140144348
-0.111993320 0.015904350 0.993581712 44.809223175 0.027239025 0.999545217 -0.012929515 -2.280207634 -0.993335545 0.025616176 -0.112375632 88.069068909
-0.108898990 0.017546341 0.993897974 45.438159943 0.028120378 0.999498367 -0.014564133 -2.298791647 -0.993655086 0.026362767 -0.109337784 88.000473022
-0.103928737 0.018073725 0.994420469 46.062232971 0.028682260 0.999473453 -0.015167929 -2.317665339 -0.994171023 0.026945846 -0.104392417 87.938018799
-0.095898993 0.018657023 0.995216131 46.655780792 0.028762996 0.999458730 -0.015964955 -2.338577032 -0.994975388 0.027094375 -0.096383721 87.886230469
-0.084822990 0.018731095 0.996219873 47.233200073 0.027119095 0.999496222 -0.016483646 -2.359183073 -0.996026874 0.025618389 -0.085288219 87.846809387
-0.071173906 0.018753510 0.997287571 47.789611816 0.026622923 0.999502778 -0.016895151 -2.383920193 -0.997108519 0.025348220 -0.071637779 87.817939758
-0.054208927 0.019838883 0.998332441 48.322360992 0.025652064 0.999500215 -0.018469196 -2.406820774 -0.998199999 0.024608096 -0.054690752 87.805068970
-0.033018570 0.022482233 0.999201775 48.878345490 0.023283733 0.999492824 -0.021719372 -2.431818008 -0.999183476 0.022547998 -0.033525303 87.802825928
-0.008211119 0.025860064 0.999631822 49.401870728 0.021469181 0.999439597 -0.025678743 -2.449366570 -0.999735832 0.021250421 -0.008761711 87.815399170
0.019935425 0.027186694 0.999431551 49.916698456 0.019763416 0.999424100 -0.027580706 -2.475032806 -0.999605894 0.020302013 0.019386642 87.849510193
0.052749816 0.026684672 0.998251259 50.422985077 0.017496806 0.999464631 -0.027641682 -2.493990183 -0.998454452 0.018924296 0.052254688 87.900733948
0.091836713 0.024146941 0.995481253 50.934928894 0.016243823 0.999536574 -0.025743857 -2.518427372 -0.995641589 0.018534653 0.091401912 87.950645447
0.133800447 0.020333659 0.990799725 51.424823761 0.014034881 0.999650300 -0.022410605 -2.537990332 -0.990908861 0.016904306 0.133468255 88.042770386
0.179215714 0.015722889 0.983684063 51.912651062 0.010984574 0.999777973 -0.017981384 -2.564082623 -0.983748436 0.014027901 0.179003209 88.157554626
0.228398770 0.012384958 0.973488867 52.396377563 0.007012212 0.999872267 -0.014365805 -2.580750942 -0.973542452 0.010107445 0.228282750 88.294662476
0.279688388 0.011068540 0.960027158 52.883331299 0.003329709 0.999916255 -0.012498501 -2.596713066 -0.960085034 0.006692295 0.279628217 88.466316223
0.334712505 0.011240163 0.942253351 53.338943481 0.002878136 0.999911904 -0.012950365 -2.604820490 -0.942315936 0.007046580 0.334650755 88.658027649
0.392754197 0.011895513 0.919566631 53.784637451 0.005312875 0.999870181 -0.015203496 -2.615818977 -0.919628143 0.010856778 0.392640024 88.876571655
0.449571013 0.014229823 0.893131256 54.175086975 0.006271668 0.999798238 -0.019086232 -2.642776489 -0.893222570 0.014182040 0.449391097 89.149291992
0.509317875 0.016846724 0.860413551 54.569671631 0.008036347 0.999671578 -0.024330443 -2.663655281 -0.860541046 0.019306513 0.509015322 89.421318054
0.567195415 0.020919524 0.823317587 54.926139832 0.004122954 0.999592662 -0.028238831 -2.679244041 -0.823572934 0.019411435 0.566878080 89.715896606
0.623337984 0.023914019 0.781586826 55.266983032 0.000369932 0.999523103 -0.030877193 -2.690945387 -0.781952381 0.019536059 0.623031914 90.037086487
0.675805569 0.024938095 0.736657917 55.581207275 -0.001004882 0.999457657 -0.032912791 -2.704914093 -0.737079263 0.021502394 0.675464034 90.381668091
0.725675702 0.022358999 0.687673628 55.889381409 -0.000829167 0.999499500 -0.031622715 -2.726172924 -0.688036501 0.022377633 0.725331008 90.739341736
0.770380855 0.019739253 0.637278140 56.144412994 -0.003098007 0.999624670 -0.027217621 -2.732898474 -0.637576222 0.018993646 0.770152986 91.119895935
0.811851799 0.015028343 0.583670020 56.391117096 -0.003638221 0.999779344 -0.020681769 -2.742542505 -0.583852112 0.014667010 0.811727524 91.527023315
0.848308325 0.013132336 0.529339850 56.600074768 -0.006320503 0.999872208 -0.014676630 -2.751069307 -0.529464960 0.009104610 0.848282993 91.947875977
0.879150867 0.008832197 0.476461709 56.776096344 -0.006096308 0.999954820 -0.007287520 -2.767049313 -0.476504564 0.003502173 0.879164875 92.364173889
0.904664814 0.009743168 0.426012576 56.932453156 -0.009714871 0.999950230 -0.002239329 -2.775405169 -0.426013231 -0.002112815 0.904714406 92.801895142
0.924753070 0.011727105 0.380386978 57.065517426 -0.013289863 0.999910533 0.001482131 -2.790735006 -0.380335569 -0.006425896 0.924826264 93.244445801
0.939912200 0.017727025 0.340955913 57.175422668 -0.020230548 0.999788105 0.003788379 -2.797811508 -0.340816468 -0.010458469 0.940071702 93.689865112
0.951811016 0.022264747 0.305875957 57.285766602 -0.024265895 0.999701738 0.002741107 -2.800307751 -0.305723608 -0.010031369 0.952067435 94.145629883
0.961248219 0.023541424 0.274677515 57.404106140 -0.025355779 0.999673724 0.003056123 -2.800395489 -0.274515927 -0.009902356 0.961531520 94.593734741
0.967393160 0.017981039 0.252640426 57.519866943 -0.019390902 0.999807119 0.003091563 -2.804203510 -0.252536058 -0.007889684 0.967555285 95.057975769
0.971347332 0.014954501 0.237193644 57.623256683 -0.016306516 0.999859989 0.003739055 -2.812305450 -0.237104475 -0.007499722 0.971455157 95.547088623
0.974160075 0.019908683 0.224979699 57.715393066 -0.021187011 0.999770045 0.003268864 -2.815047264 -0.224862874 -0.007951044 0.974357903 96.044128418
0.976224184 0.025229519 0.215290368 57.808204651 -0.026707515 0.999635458 0.003958362 -2.815417528 -0.215112001 -0.009614119 0.976541996 96.548347473
0.977309883 0.033085607 0.209214315 57.899387360 -0.034377031 0.999405682 0.002538413 -2.814925909 -0.209005922 -0.009672983 0.977866530 97.060646057
0.977779210 0.038520049 0.206068069 58.001777649 -0.039164085 0.999232292 -0.000954269 -2.820364714 -0.205946624 -0.007137405 0.978537142 97.568893433
0.977913976 0.039673839 0.205207765 58.108932495 -0.039822303 0.999200940 -0.003408003 -2.830142021 -0.205178991 -0.004839111 0.978712440 98.097084045
0.977444530 0.038679700 0.207620755 58.226936340 -0.038083829 0.999250948 -0.006867756 -2.840537548 -0.207730874 -0.001194146 0.978185296 98.636199951
0.976654947 0.037614431 0.211495429 58.349361420 -0.035535593 0.999275565 -0.013622836 -2.844744205 -0.211854592 0.005789195 0.977284014 99.183074951
0.975789487 0.037264559 0.215513885 58.479961395 -0.034104466 0.999249518 -0.018364536 -2.847173929 -0.216036469 0.010569933 0.976328194 99.747673035
0.974681675 0.041627441 0.219687968 58.607414246 -0.038605668 0.999091864 -0.018031910 -2.856085777 -0.220239073 0.009094171 0.975403607 100.322753906
0.973195732 0.045189098 0.225494832 58.731723785 -0.043161161 0.998971164 -0.013917576 -2.869679928 -0.225891754 0.003811904 0.974144936 100.919281006
0.972178578 0.042125154 0.230422094 58.873863220 -0.041051336 0.999112368 -0.009454481 -2.878433228 -0.230615824 -0.000267693 0.973044813 101.523033142
0.971492171 0.037576105 0.234074637 59.031280518 -0.037781209 0.999279559 -0.003609462 -2.892364264 -0.234041616 -0.005337059 0.972211897 102.141098022
0.970618427 0.035397451 0.238006532 59.184162140 -0.036732610 0.999324381 0.001175599 -2.903438091 -0.237804130 -0.009883659 0.971262813 102.776344299
0.970041692 0.030678822 0.240993351 59.343257904 -0.032065190 0.999484003 0.001832320 -2.909154415 -0.240812808 -0.009504924 0.970525026 103.408500671
0.970044732 0.027385650 0.241377428 59.504371643 -0.027875820 0.999610364 -0.001384490 -2.914744377 -0.241321295 -0.005385575 0.970430315 104.049346924
0.970242500 0.026464440 0.240684330 59.671550751 -0.025168179 0.999647319 -0.008458680 -2.922523975 -0.240823314 0.002149384 0.970566571 104.683807373
0.970408738 0.028719969 0.239753768 59.830310822 -0.025842395 0.999551237 -0.015138038 -2.930524588 -0.240080938 0.008494275 0.970715702 105.340682983
0.970936060 0.031746808 0.237224296 59.985420227 -0.028078225 0.999428332 -0.018828195 -2.938548088 -0.237686440 0.011620135 0.971272409 106.019386292
0.971565783 0.030097138 0.234848931 60.149185181 -0.027431469 0.999517024 -0.014609897 -2.950202942 -0.235175177 0.007752226 0.971921980 106.711219788
0.972024918 0.025812639 0.233455241 60.321418762 -0.024941325 0.999666572 -0.006684120 -2.967523336 -0.233549908 0.000674448 0.972344518 107.423645020
0.972625196 0.026301824 0.230886459 60.489265442 -0.026856745 0.999639034 -0.000739691 -2.980450630 -0.230822578 -0.005481416 0.972980380 108.145896912
0.972879648 0.030009557 0.229357108 60.649169922 -0.030417442 0.999535620 -0.001757593 -2.987731934 -0.229303360 -0.005266529 0.973340750 108.872146606
0.973192453 0.035737041 0.227198914 60.806514740 -0.035201374 0.999359608 -0.006410469 -2.994970083 -0.227282539 -0.001759093 0.973827302 109.607933044
0.974086821 0.036533836 0.223204240 60.971321106 -0.034758065 0.999325097 -0.011880632 -3.002596855 -0.223487645 0.003814620 0.974699259 110.348190308
0.975014567 0.034757525 0.219405010 61.138610840 -0.032321773 0.999369621 -0.014682523 -3.015537262 -0.219777063 0.007224112 0.975523353 111.092422485
0.975936890 0.032786582 0.215574309 61.305538177 -0.030691352 0.999443591 -0.013060551 -3.029791355 -0.215882599 0.006130008 0.976400077 111.868927002
0.976826310 0.029327197 0.212014839 61.476394653 -0.027564917 0.999556541 -0.011263629 -3.041796207 -0.212251186 0.005158439 0.977201462 112.644927979
0.977232218 0.027830064 0.210339263 61.639198303 -0.026737062 0.999610126 -0.008038910 -3.061583996 -0.210480988 0.002232029 0.977595448 113.435935974
0.977547526 0.024123937 0.209329292 61.813720703 -0.023401354 0.999708593 -0.005928326 -3.071995974 -0.209411278 0.000896632 0.977827191 114.235099792
0.977756143 0.019209696 0.208863631 61.987926483 -0.018618952 0.999815166 -0.004794311 -3.081732273 -0.208917111 0.000798846 0.977932930 115.036827087
0.977848530 0.020022845 0.208354205 62.153652191 -0.019809496 0.999798954 -0.003110737 -3.093596458 -0.208374545 -0.001085562 0.978048444 115.845031738
0.977673292 0.025383009 0.208591983 62.323703766 -0.024874521 0.999677718 -0.005060983 -3.108829737 -0.208653197 -0.000240637 0.977989614 116.671005249
0.977402508 0.031170387 0.209076241 62.490264893 -0.030118089 0.999512672 -0.008215654 -3.124287605 -0.209230423 0.001733024 0.977864742 117.486053467
0.976849854 0.039989114 0.210155159 62.650985718 -0.038701124 0.999198496 -0.010239413 -3.127940655 -0.210396141 0.001869129 0.977614343 118.321464539
0.975968599 0.045923177 0.213017032 62.816238403 -0.044902399 0.998944938 -0.009630205 -3.144132376 -0.213234544 -0.000166197 0.977001011 119.150260925
0.975197434 0.048423924 0.215974718 62.987030029 -0.047925495 0.998822391 -0.007547569 -3.161551714 -0.216085836 -0.002990325 0.976369739 119.983520508
0.974609435 0.049165070 0.218447521 63.176200867 -0.048553616 0.998787224 -0.008169563 -3.184356213 -0.218584225 -0.002644287 0.975814402 120.827697754
0.974286377 0.047600735 0.220228031 63.362693787 -0.046323057 0.998866260 -0.010965211 -3.197242975 -0.220500320 0.000481616 0.975386739 121.654312134
0.974225998 0.041463241 0.221730828 63.555419922 -0.040340129 0.999139905 -0.009593515 -3.213963270 -0.221937895 0.000401600 0.975060701 122.494621277
0.974460542 0.034792256 0.221847281 63.754032135 -0.033161283 0.999388576 -0.011073519 -3.234231949 -0.222096935 0.003433968 0.975018442 123.330490112
0.974218130 0.034025542 0.223027572 63.946826935 -0.032367777 0.999414504 -0.011085387 -3.258079529 -0.223274201 0.003580676 0.974749148 124.170730591
0.973662794 0.036540456 0.225045636 64.134384155 -0.035569079 0.999332070 -0.008370616 -3.273127079 -0.225201219 0.000145491 0.974312305 125.019104004
0.973250687 0.038581897 0.226482868 64.317718506 -0.039027523 0.999234974 -0.002511506 -3.289077520 -0.226406500 -0.006394741 0.974011958 125.860786438
0.972855747 0.042373221 0.227499604 64.498306274 -0.043896496 0.999034643 0.001637981 -3.305649757 -0.227210566 -0.011579958 0.973776877 126.692459106
0.972677827 0.041449878 0.228428692 64.691200256 -0.041460034 0.999128819 -0.004756444 -3.324029446 -0.228426814 -0.004844174 0.973549008 127.517013550
0.972870708 0.037332218 0.228317454 64.881607056 -0.033862248 0.999244034 -0.019097976 -3.343955278 -0.228857830 0.010848518 0.973399341 128.322799683
