%YAML:1.0

#--------------------------------------------------------------------------------------------
# Camera Parameters. Adjust them!
#--------------------------------------------------------------------------------------------

# Camera calibration and distortion parameters (OpenCV)
Camera.fx: 385.5786483186039
Camera.fy: 385.5786483186039
Camera.cx: 372.6149024963379
Camera.cy: 237.8714408874512

Camera.width: 752
Camera.height: 480

# Camera frames per second
Camera.fps: 20.0

# stereo baseline times fx
Camera.bf: 115580.2068510923

# Color order of the images (0: BGR, 1: RGB. It is ignored if images are grayscale)
Camera.RGB: 0

# Close/Far threshold. Baseline times. 
*** need to be modified *****
ThDepth: 0.035


#-------------------------------
# ****** Add by Haibo **********
#-------------------------------
Camera.Q: !!opencv-matrix
   rows: 4
   cols: 4
   dt: d
   data: [1, 0, 0, -372.6149024963379, 0, 1, 0, -237.8714408874512, 0, 0, 0, 385.5786483186039, 0, 0, 0.003336026633135931, 0]
Camera.up: 0
Camera.down: 0
Camera.left: 0
Camera.right: 0


#--------------------------------------------------------------------------------------------
# Stereo Rectification. Only if you need to pre-rectify the images.
# Camera.fx, .fy, etc must be the same as in LEFT.P
#--------------------------------------------------------------------------------------------
LEFT.height: 480
LEFT.width: 752
LEFT.D: !!opencv-matrix
   rows: 1
   cols: 5
   dt: d
   data: [-0.310266312281967,0.123131099544115,5.140978207209692e-04,4.359861887949068e-04, -0.026795203831160]
LEFT.K: !!opencv-matrix
   rows: 3
   cols: 3
   dt: d
   data: [422.9179410595286, 0.014313559116982, 365.7902748321415, 0.0, 424.5942224546713, 237.8417928424143, 0.0, 0.0, 1.0]
LEFT.R:  !!opencv-matrix
   rows: 3
   cols: 3
   dt: d
   data: [0.9999622538920891, -0.003210636599993386, 0.008073574405160988, 0.003208083846277472, 0.9999947999264867, 0.0003291170323415824, -0.008074589097170284, -0.00030320390582362, 0.9999673540062711]
LEFT.P:  !!opencv-matrix
   rows: 3
   cols: 4
   dt: d
   data: [385.5786483186039, 0, 372.6149024963379, 0, 0, 385.5786483186039, 237.8714408874512, 0, 0, 0, 1, 0]

RIGHT.height: 480
RIGHT.width: 752
RIGHT.D: !!opencv-matrix
   rows: 1
   cols: 5
   dt: d
   data: [-0.317295992415919,0.135591053622665, 4.095224889332796e-05,3.238947661482718e-04, -0.032648223811825]
RIGHT.K: !!opencv-matrix
   rows: 3
   cols: 3
   dt: d
   data: [424.3355006950268, 0.162619548606052, 376.2657866679956, 0, 426.1813872638455, 236.1768388068374, 0, 0, 1]
RIGHT.R:  !!opencv-matrix
   rows: 3
   cols: 3
   dt: d
   data: [0.9999718241330409, 0.002175395783928907, -0.007184608077131049, -0.00217766720169755, 0.9999975813422358, -0.0003083427267574584, 0.007183919932555146, 0.0003239797243004591, 0.9999741428314738]
RIGHT.P:  !!opencv-matrix
   rows: 3
   cols: 4
   dt: d
   data: [385.5786483186039, 0, 372.6149024963379, -115580.2068510923, 0, 385.5786483186039, 237.8714408874512, 0, 0, 0, 1, 0]

#--------------------------------------------------------------------------------------------
# ORB Parameters
#--------------------------------------------------------------------------------------------

# ORB Extractor: Number of features per image
ORBextractor.nFeatures: 1000

# ORB Extractor: Scale factor between levels in the scale pyramid 	
ORBextractor.scaleFactor: 1.2

# ORB Extractor: Number of levels in the scale pyramid	
ORBextractor.nLevels: 8

# ORB Extractor: Fast threshold
# Image is divided in a grid. At each cell FAST are extracted imposing a minimum response.
# Firstly we impose iniThFAST. If no corners are detected we impose a lower value minThFAST
# You can lower these values if your images have low contrast			
ORBextractor.iniThFAST: 20
ORBextractor.minThFAST: 7

#--------------------------------------------------------------------------------------------
# Viewer Parameters
#--------------------------------------------------------------------------------------------
Viewer.KeyFrameSize: 0.05
Viewer.KeyFrameLineWidth: 1
Viewer.GraphLineWidth: 0.9
Viewer.PointSize:2
Viewer.CameraSize: 0.08
Viewer.CameraLineWidth: 3
Viewer.ViewpointX: 0
Viewer.ViewpointY: -0.7
Viewer.ViewpointZ: -1.8
Viewer.ViewpointF: 500




